771445218
285080861
789925284
878579710
290876773
410361373
921332854
657890619
532237403
665605494
771445218
285080861
789925284
878579710
290876773
410361373
921332854
657890619
532237403
665605494
771445218
285080861
789925284
878579710
290876773
410361373
921332854
657890619
532237403
665605494
771445218
285080861
789925284
878579710
290876773
410361373
921332854
657890619
532237403
665605494
771445218
285080861
789925284
878579710
290876773
410361373
921332854
657890619
532237403
665605494
771445218
285080861
789925284
878579710
290876773
410361373
921332854
657890619
532237403
665605494
771445218
285080861
789925284
878579710
290876773
410361373
921332854
657890619
532237403
665605494
771445218
285080861
789925284
878579710
290876773
410361373
921332854
657890619
532237403
665605494
907555529
36027469
457175121
209180838
671780907
256892951
524741560
921904415
960721249
611926871
771445218
285080861
789925284
878579710
290876773
410361373
921332854
657890619
532237403
665605494
907555529
36027469
457175121
209180838
671780907
256892951
524741560
921904415
960721249
611926871
933956160
934580611
324633724
814517391
986507083
293577041
175331362
734071155
115316741
216338540
771445218
285080861
789925284
878579710
290876773
410361373
921332854
657890619
532237403
665605494
907555529
36027469
457175121
209180838
671780907
256892951
524741560
921904415
960721249
611926871
933956160
934580611
324633724
814517391
986507083
293577041
175331362
734071155
115316741
216338540
660233275
105983500
351754832
687013158
965996512
670528517
266243148
441282060
956713
258511538
412181689
709624087
595547911
39900223
247058944
830884524
701192590
105711275
375287011
572112131
771445218
285080861
789925284
878579710
290876773
410361373
921332854
657890619
532237403
665605494
771445218
285080861
789925284
878579710
290876773
410361373
921332854
657890619
532237403
665605494
771445218
285080861
789925284
878579710
290876773
410361373
921332854
657890619
532237403
665605494
771445218
285080861
789925284
878579710
290876773
410361373
921332854
657890619
532237403
665605494
907555529
36027469
457175121
209180838
671780907
256892951
524741560
921904415
960721249
611926871
933956160
934580611
324633724
814517391
986507083
293577041
175331362
734071155
115316741
216338540
660233275
105983500
351754832
687013158
965996512
670528517
266243148
441282060
956713
258511538
412181689
709624087
595547911
39900223
247058944
830884524
701192590
105711275
375287011
572112131
285080861
771445218
290876773
789925284
878579710
410361373
657890619
532237403
665605494
921332854
771445218
285080861
789925284
878579710
290876773
921332854
410361373
657890619
665605494
532237403
